1 0.026729 0.234114 0.041189 0.017758
1 0.032876 0.266755 0.063975 0.028953
1 0.466907 0.271905 0.071361 0.035706
1 0.052719 0.237335 0.043537 0.019104
1 0.119652 0.405344 0.154406 0.089382
1 0.893182 0.214877 0.047309 0.020729
1 0.051648 0.235300 0.042121 0.018420
1 0.700520 0.219302 0.043200 0.020139
1 0.506878 0.416314 0.161092 0.100242
0 0.895359 0.268892 0.032339 0.093492
0 0.759420 0.199552 0.016922 0.039052
0 0.769492 0.234313 0.028295 0.065384
0 0.296683 0.244457 0.064822 0.059563
0 0.946555 0.231532 0.023840 0.068280